286|1|63885030|1.4651|2025-05-14::18:10:06
287|1|63885249|0.8139|2025-05-14::18:10:06
281|1|63884153|1.7962|2025-05-14::18:10:07
277|1|63883638|2.1631|2025-05-14::18:10:07
284|1|63884545|0.2275|2025-05-14::18:10:07
247|1|63881171|0.7973|2025-05-14::18:10:08
254|1|63876048|25.2033|2025-05-14::18:10:08
246|1|63880720|6.0683|2025-05-14::18:10:09
258|1|63882245|0.0191|2025-05-14::18:10:09
262|1|63882808|1.6938|2025-05-14::18:10:10
250|1|63881586|0.0285|2025-05-14::18:10:10
248|1|63881179|0.8078|2025-05-14::18:10:11
